1.157454257762491334e-02
1.236961178357459529e-01
1.184280973465440950e-01
9.332524615015742875e-02
1.229451436220585087e-01
8.732544172745751454e-02
1.146352578630514540e-01
3.927167070892645384e-02
-5.452136492177195315e-02
-4.193206700590060287e-02
-4.126871445041326025e-02
1.920694677699393005e-02
7.018873832096311771e-02
1.345048394148772586e-01
1.343522564142954900e-01
4.454743494692926797e-02
1.183795033332610269e-01
6.906075117310608857e-02
2.380699922674284208e-04
-1.216253872312057435e-02
1.412577010654032100e-02
8.606519144979826730e-02
7.106078401834313440e-02
1.030703042331043429e-01
1.035302544167171490e-01
1.289696181546762244e-01
2.108705753692748930e-01
3.292812802729564448e-01
3.521211920302783627e-01
3.942039913695319919e-01
3.829222193959824216e-01
4.366714548513596084e-01
4.332658498327811580e-01
4.436987205921634758e-01
4.402009956629849285e-01
4.721382069163977402e-01
5.071801670002661355e-01
5.445454663564732734e-01
5.520749019147599412e-01
5.933323780003247894e-01
5.963433106770535952e-01
6.173660025704924559e-01
6.356617317359797292e-01
7.387755063166323577e-01
7.324501500685485222e-01
7.795398563494965183e-01
7.862619568420581295e-01
7.706591903904903562e-01
6.537147823123592438e-01
5.961821279268039175e-01
6.714216256997516119e-01
7.071270683662320700e-01
5.996252365779677351e-01
4.971116179053363671e-01
4.714403304779498649e-01
5.354212071542078233e-01
5.571069367010066387e-01
5.580334669752990973e-01
5.426104807973209931e-01
6.173458921708701030e-01
6.038834337761489479e-01
5.917068758085538560e-01
6.671483601318626278e-01
7.305827127716238989e-01
7.060673452095810321e-01
6.494118307474485707e-01
7.233373065015764602e-01
8.019918034828952269e-01
7.853907067535227382e-01
7.537802722456815596e-01
7.815548508981386977e-01
8.210314347674607660e-01
7.712382239311075249e-01
7.604301510617066384e-01
5.918034053626749502e-01
5.542663672122694063e-01
5.275118949996119300e-01
5.235580033232973829e-01
5.110478220723818632e-01
4.668828102336912700e-01
4.757943981843636427e-01
5.243307840396745911e-01
6.097627222339780939e-01
6.313266388264113793e-01
6.152720689579211921e-01
5.857837788961974823e-01
6.304192917128766949e-01
6.356320068053498140e-01
6.018592987011546214e-01
6.518915155254850768e-01
6.599005081730926481e-01
7.465295501737410078e-01
7.946116535524087032e-01
8.372965276070047924e-01
8.341671531167789144e-01
8.394814608692112712e-01
8.175741709522797995e-01
8.137048334063687882e-01
7.814591824263477093e-01
7.037188036686873316e-01
7.186727014545382097e-01
7.787697731807120549e-01
7.771028239561319495e-01
8.731152044721034455e-01
8.528289850529158223e-01
7.246394761073554625e-01
6.820091325333630383e-01
6.536670608129009352e-01
6.551671669525225283e-01
6.344754741245668406e-01
4.896203971864334092e-01
5.008541966505659637e-01
4.842963311763975320e-01
5.618625074194865121e-01
5.743314116891747867e-01
6.127864574079254778e-01
6.781247187738874693e-01
7.185201655418064215e-01
6.593305008737807560e-01
7.533833672017358207e-01
6.676846064627036670e-01
6.711133497274210935e-01
6.772442214612057754e-01
6.653863887926139142e-01
7.047207876693317719e-01
7.248784928070569622e-01
7.208775156688487229e-01
7.395622144348054094e-01
7.171072539386356137e-01
8.164098519111877561e-01
7.836712690002881621e-01
8.176215031332290106e-01
7.711293596537878159e-01
7.443298837349708874e-01
8.113355581510205417e-01
7.891100322260941047e-01
7.683133438819264027e-01
7.045385332651686872e-01
7.294192148105198559e-01
7.273507404464939485e-01
7.430735497597028560e-01
8.430508895304169581e-01
8.264790871526754845e-01
9.409442581566149766e-01
9.109747909881354966e-01
8.841629200955450907e-01
9.229759956750385186e-01
8.633257558574347623e-01
8.596033459064721383e-01
9.207492287650805851e-01
8.593446004938133376e-01
8.184694006063740757e-01
8.122993683987594915e-01
7.797872563607882723e-01
7.145918638769763742e-01
6.552832690091080492e-01
7.206016562411173831e-01
6.722861249024119079e-01
6.069435874313439117e-01
6.564410685331482087e-01
7.008441932880404845e-01
6.445404318879238703e-01
7.257720644121133935e-01
6.692040724736015855e-01
7.099772150688992145e-01
7.346042274617293755e-01
7.931040271990028589e-01
8.299628226368936934e-01
8.345625020416924666e-01
7.280010460260554206e-01
7.280680215867044724e-01
7.341934055652382662e-01
7.685165476392474826e-01
7.782591900447020095e-01
7.326641952148508219e-01
6.623097376149713611e-01
6.440109710244290575e-01
6.614481749838859725e-01
6.029104546809279652e-01
6.206534189511857535e-01
5.829570405377396680e-01
5.831096001406460561e-01
6.504001857633753270e-01
6.612326144983082798e-01
7.638658255937681441e-01
6.213059868116086459e-01
7.210000574031871778e-01
6.700287338835320128e-01
7.024747357226797106e-01
7.066658052182097638e-01
6.814244111433396256e-01
6.231059590905655421e-01
6.841767660310433818e-01
7.785853564605589305e-01
7.946060379227354309e-01
7.746432592813846663e-01
7.209335245537685788e-01
7.884492019137567809e-01
8.542078192186615127e-01
8.743339803594638582e-01
8.387362002048919241e-01
8.479481035460998406e-01
8.587292797478432993e-01
8.136275068377515352e-01
8.804439032782557240e-01
9.176210595857965391e-01
8.682404991748792211e-01
8.138683843633938153e-01
8.232626934070655933e-01
8.647712291073229585e-01
8.139839089088203306e-01
6.875808470650782711e-01
6.905799473158044099e-01
7.014210281807103931e-01
6.518144572833933781e-01
7.010129871487327247e-01
6.803837560175944876e-01
6.933308580367886220e-01
6.648380414296209961e-01
6.731539914659224744e-01
6.501010370743263156e-01
6.978949925696305012e-01
7.545423970789515433e-01
8.271458684329896505e-01
8.506180586283732525e-01
8.420072787252546043e-01
8.572288529494909159e-01
8.334039041070012699e-01
8.492340987759806614e-01
7.485898329368005921e-01
7.182337915365192282e-01
6.418921900004653791e-01
6.372379110363192156e-01
7.550832553853843443e-01
7.594444331880398913e-01
7.474231122604265698e-01
6.696077777197438907e-01
6.747592426697229806e-01
7.048572316882838473e-01
6.569491647148757441e-01
6.490158707418038908e-01
5.918206847734438503e-01
5.604568710132118436e-01
5.637821703022599662e-01
5.003126640024062599e-01
5.036804967605301719e-01
4.357471560555533086e-01
4.465597866429056317e-01
4.759529655445385310e-01
4.928592087232570029e-01
6.045357413521942336e-01
6.507552881164242464e-01
6.473076105751685017e-01
5.898764168440517874e-01
6.105416585913525651e-01
5.568204071147562217e-01
5.863026665045666386e-01
5.488200604220123680e-01
4.438688750108338299e-01
3.545320685259692461e-01
3.524774292084141836e-01
3.616690283121605232e-01
3.027154118879822331e-01
3.094309476163794592e-01
3.401040323593443326e-01
3.671700372885288721e-01
3.823250070069206252e-01
3.655655512596203693e-01
3.322690388510160520e-01
3.092350591583098440e-01
3.638260368601635153e-01
3.790181192259693410e-01
3.830606113178930405e-01
4.369505124366612203e-01
5.783561154753715794e-01
5.892013228121703028e-01
5.001610746393304607e-01
4.788753463021365731e-01
6.030757891287505945e-01
5.799238914279805091e-01
5.519408606235300940e-01
4.826502854213886029e-01
4.642202224920272124e-01
4.830684129249236958e-01
4.208649303312531065e-01
5.017676414516366590e-01
5.439549577428245408e-01
5.357603319585672041e-01
5.578617346628076401e-01
4.442118082479361019e-01
5.100303335872815591e-01
4.286922138758794132e-01
4.229713300046341051e-01
4.365220998093294891e-01
3.513952773837847876e-01
3.466573788623324437e-01
2.996722013220801117e-01
3.423502088050463521e-01
3.320592521999938818e-01
3.344703980075697247e-01
3.235375045234472058e-01
3.078805526845877494e-01
2.356308133210163192e-01
2.978728313306085451e-01
2.750466219415878544e-01
3.169079657194293631e-01
3.066571073667723191e-01
2.685923257067203695e-01
1.835061922121255518e-01
1.606610243462079923e-01
1.941878479924876999e-01
1.364883907718176526e-01
1.000844009795032186e-01
1.380954835351764498e-01
1.741475891128569931e-01
2.025237823957946603e-01
1.646567131730678479e-01
1.643050729830415613e-01
1.556835410212977222e-01
8.691324500284260124e-02
1.007321883802369533e-01
6.995531819053610323e-02
6.669088335587924909e-02
2.689732754897334460e-02
-2.438825361287139809e-02
3.627482334675024428e-02
9.466363419410343816e-02
9.818887503532933159e-02
1.229608284255047229e-01
9.887461022244700692e-02
9.156770323288211666e-02
5.872226477011978363e-02
8.022870479148098977e-02
1.585393348619582310e-01
1.207865185617358061e-01
1.740739720942147406e-01
1.106583793871879634e-01
1.331782889094119959e-01
1.621381811036073928e-01
1.348121854838716382e-01
1.448658099669199173e-01
2.056738860931384694e-01
1.828975829098667127e-01
3.005533062198935124e-01
3.298757486951215401e-01
2.780891414406161943e-01
1.888026017127246992e-01
2.621353906396418632e-01
2.818965921413867370e-01
3.386742788991431441e-01
3.387927360777706620e-01
2.379747376092912758e-01
2.608331882311856198e-01
2.804082378879879101e-01
2.954222850487484009e-01
2.199005382435215705e-01
2.338329443793404905e-01
2.993912945966493711e-01
2.163615279892372456e-01
2.837453328198701885e-01
2.529621723758213592e-01
2.268603257531880413e-01
2.173240696045837250e-01
2.393980273246664736e-01
2.238547694416221367e-01
2.764152301106045373e-01
3.146478546584813296e-01
3.040336316401331951e-01
3.221991114304607051e-01
2.777376195158127170e-01
1.417399508407670428e-01
7.015661725122332437e-02
-7.255137009254941649e-02
-7.284841931603158738e-02
-7.127635420488634410e-02
-1.243588977588530459e-01
-7.099575611499636674e-02
-3.197070116022171504e-02
1.969083090827838944e-02
-2.052294094991080620e-02
-7.979204983804327744e-02
-9.268746474546271652e-02
-4.986870213313396999e-02
-2.455565186758527224e-02
-9.071848007944000036e-03
2.508629521907563414e-02
-6.498269621627131287e-02
-6.427647458685419035e-02
-1.128371606915466452e-01
-1.738218730456553007e-01
-2.134628680255479805e-01
-2.247771827779958265e-01
-2.293183345701590159e-01
-2.905222996194489760e-01
-2.863524830906669649e-01
-2.567110070408062383e-01
-2.971388344308298901e-01
-2.312748963270689351e-01
-2.243415164857643918e-01
-2.958343344800566377e-01
-2.609869666523150222e-01
-2.259192320155187783e-01
-2.266891995616232280e-01
-3.554711269539353458e-01
-3.498037393425550423e-01
-2.486508973363724118e-01
-2.808136873723900973e-01
-3.925505520085600386e-01
-3.908039293437410855e-01
-4.446564904773945281e-01
-5.326548489458573510e-01
-5.496121074047540800e-01
-6.229309668791803700e-01
-5.216535045790658964e-01
-5.480228006209445502e-01
-4.837268162738809218e-01
-5.092081357972659816e-01
-4.774426707433233608e-01
-4.436855555995076750e-01
-4.705464204996850364e-01
-5.726370033584501362e-01
-6.432763067759363906e-01
-6.433502170156351063e-01
-6.448276321575285852e-01
-6.564053343478375435e-01
-7.208172421772404137e-01
-7.286224704359921533e-01
-6.292963860015085009e-01
-6.593525167477365390e-01
-6.382807988546203015e-01
-7.250023836737375937e-01
-8.288829330391944694e-01
-8.555062491432123828e-01
-8.356418672302695638e-01
-8.619746934384320269e-01
-8.330082428563844177e-01
-9.200247702024991758e-01
-9.566801883164565146e-01
-8.923198176453749353e-01
-8.078994984240112087e-01
-7.514765505698225434e-01
-7.800150063961717173e-01
-7.780627669183524109e-01
-8.195023832186956181e-01
-8.029784057636476513e-01
-7.883166203345302048e-01
-8.380394835705373691e-01
-7.198495923689727238e-01
-6.475496488757835900e-01
-6.020433270353002797e-01
-5.674787410713247882e-01
-5.624252745724488411e-01
-6.482330676606453679e-01
-6.532384489382736525e-01
-5.928065864312229705e-01
-6.230220154204983984e-01
-6.034137951658148369e-01
-5.981792989674025174e-01
-5.684416178072523307e-01
-5.321032306047202010e-01
-5.526807836341963709e-01
-6.082595099297352093e-01
-5.523451998230277660e-01
-5.241220281356467892e-01
-5.100556059085645799e-01
-5.964791210908925168e-01
-6.075795656398881306e-01
-6.534744190478072312e-01
-6.922804086019702652e-01
-7.082120037518652156e-01
-6.197179243460257947e-01
-6.299231461079205507e-01
-5.995476349160021590e-01
-5.309211685023184080e-01
-5.840801756140681089e-01
-6.014472415908451719e-01
-5.963675611528392873e-01
-5.186430275009767943e-01
-4.819952074814037313e-01
-4.283237964760036043e-01
-5.081953983499818417e-01
-4.733491157666742111e-01
-3.949394554162062865e-01
-3.089200591461805367e-01
-3.688478672364304822e-01
-3.416849458997494038e-01
-3.878928570666363984e-01
-3.014359835841519120e-01
-3.740013003995699692e-01
-3.206171364212901942e-01
-3.386828979180783739e-01
-2.887906095722695410e-01
-2.803280586990741230e-01
-2.932549929627334961e-01
-2.990742770101306180e-01
-2.721934974388170447e-01
-3.697048237338197985e-01
-3.507779313783209174e-01
-4.242338909634245647e-01
-5.031236133763371532e-01
-4.955494743934739654e-01
-5.232992761267665216e-01
-4.372114924697968474e-01
-5.269916537750966024e-01
-5.229181876058331957e-01
-5.282825002358777500e-01
-4.834850712345255541e-01
-4.848327628104683318e-01
-5.468080127189864914e-01
-5.420558140417091053e-01
-5.241809096826697267e-01
-5.849763847889662971e-01
-6.114523907348436982e-01
-5.816125277876210697e-01
-4.837882246818048237e-01
-4.307690917968545197e-01
-3.897255138770081007e-01
-3.179403702041992408e-01
-2.149815642553507544e-01
-2.718341233613705832e-01
-1.865923816195687035e-01
-1.588776084834448155e-01
-1.105136793176459964e-01
-4.935611176983858983e-02
-1.767563049907665967e-02
-7.997654305589463331e-02
-1.907336091174431925e-01
-1.892880800658159057e-01
-1.921929910648356721e-01
-2.565075485524870857e-01
-1.752705339882014157e-01
-1.879696347717637606e-01
-1.406619452535285697e-01
-1.843417246114831265e-01
-2.051920120584134200e-01
-2.661874662046366802e-01
-2.774397222725044632e-01
-1.864355629137443016e-01
-2.260190349066999449e-01
-2.828050619029110480e-01
-2.462333507791746867e-01
-2.378032444738283346e-01
-2.438585294405826720e-01
-1.301609760697369778e-01
-8.444071318437931795e-02
-1.404040728802158911e-01
-6.629304896990409479e-02
-8.561593765958096236e-02
-1.689693802912680676e-01
-1.920483438180995983e-01
-2.166268418757374137e-01
-2.941317529919799112e-01
-2.501216938071598173e-01
-2.214498375370680394e-01
-1.663276729035218782e-01
-1.502226494724173411e-01
-2.177537092206422997e-01
-1.479325660057060898e-01
-2.012210740855734370e-01
-1.577870028047939910e-01
-2.091504479632245728e-01
-2.360916008919701770e-01
-3.132871606196634962e-01
-2.138456633349665181e-01
-1.635417562877162778e-01
-1.393559533221828128e-01
-1.233031573509994205e-01
-2.401704828453672946e-01
-2.594428681616521848e-01
-2.981438983334080972e-01
-3.003697876278377255e-01
-3.278828748392342285e-01
-2.879257866189273152e-01
-2.930045568353369934e-01
-3.361565350913842121e-01
-3.767434755289660320e-01
-3.519976165276201829e-01
-3.331729570511434702e-01
-3.061554656553511777e-01
-2.284130129375679941e-01
-1.864736088317283658e-01
-1.290650517659565621e-01
-1.728251412600351755e-01
-9.564128041056829677e-02
-8.870327948500046633e-02
-1.133397840544353163e-01
-1.729213483769532489e-01
-9.821016249068174886e-02
-1.200275934838694880e-01
-4.675806607833386808e-02
-2.882846917469553474e-02
-8.012175136864422426e-03
-1.119706474156209192e-01
-1.486059382539169360e-01
-1.310790866946257571e-01
-1.461392750832060938e-01
-2.465758225727422981e-01
-1.291849862250744607e-01
-1.335290041058921073e-01
-1.477364655734093590e-01
-1.119107189811293646e-01
-1.395084634364721632e-01
-1.796573417685755070e-01
-1.538297449658977134e-01
-7.082932149295308177e-02
-6.473922999690445712e-02
-2.534270626448704294e-02
-1.716063466521935976e-03
-2.546817638932455732e-02
1.382327779811684254e-01
9.712971145898285918e-02
9.676074606485318697e-02
1.043631780766566819e-01
6.625725454713396467e-02
9.980196380703001968e-02
1.211089985070555874e-01
5.833715550952703333e-02
4.574614571726434709e-02
4.722779469252461754e-02
1.747567984144422076e-02
5.263744469852344593e-02
-6.995345451263268455e-02
-1.054314607632466233e-01
-5.554267471462025207e-02
-7.806122229947361213e-02
-1.477919901172757011e-01
-2.179478965675368807e-01
-1.848685757374158301e-01
-1.820484197401567861e-01
-1.609733946110645797e-01
-1.261014211318065015e-01
-2.378296323854362515e-01
-2.224673023121793436e-01
-2.299414580755483606e-01
-1.141642728736626256e-01
-8.500002822572044758e-02
-1.197955312150903728e-01
-1.457324228078998030e-01
-1.142656097144344046e-01
-1.951250309504796998e-01
-2.770535935001160466e-01
-3.007566272329925683e-01
-2.857897705115066134e-01
-2.470384277863715838e-01
-2.537688337832941232e-01
-1.730676675785490504e-01
-1.674723941280591710e-01
-1.567421009051382652e-01
-1.268667820990894701e-01
-1.586246260720710899e-01
-1.325172217413190801e-01
-1.165389058185896942e-01
-9.069931962522601032e-02
-2.000381505608321564e-02
-1.037234688496906782e-01
-1.325260923239252597e-01
-1.817750848078552028e-01
-2.184989666938684794e-01
-1.997638162295009290e-01
-1.462999502833799981e-01
-5.873777535002197570e-02
-8.329579757622035396e-02
-1.306887754193681861e-01
-1.918136593982736060e-01
-2.504504798982418734e-01
-2.759186688553513234e-01
-1.637489276671449667e-01
-1.667836154857997577e-01
-2.059471869983465486e-01
-2.881622540354338291e-01
-2.582414630779416020e-01
-3.585219963881137728e-01
-3.869532056840779832e-01
-2.976500736797631497e-01
-2.712197062105918266e-01
-1.589178919799593137e-01
-1.574330759606007712e-01
-2.293346972156259933e-01
-3.458357231911290963e-01
-4.132087139284317256e-01
-4.865696834162680506e-01
-4.410876890856445520e-01
-4.147175175012722259e-01
-4.672961160641558864e-01
-4.401999184465542059e-01
-5.123831793534363577e-01
-5.167283029375523418e-01
-5.156272411775126852e-01
-4.952220699460770370e-01
-5.089539920840616682e-01
-4.694223892649135310e-01
-3.314641968388600812e-01
-3.704266727886511013e-01
-4.196098879260096171e-01
-4.222328288698956600e-01
-3.999945015728303965e-01
-4.056678261676227026e-01
-3.763486115514153019e-01
-4.429215857539382517e-01
-4.590063486234668977e-01
-3.868092047428264291e-01
-3.126797766910989762e-01
-3.193032026802909984e-01
-2.705067012152361783e-01
-2.231352390061991098e-01
-1.453796947937827932e-01
-1.759125353047039375e-01
-2.538477500080500993e-01
-1.923505984142498959e-01
-1.803124733066075736e-01
-2.134188948983385126e-01
-1.772846882438311733e-01
-2.184938257073814893e-01
-1.828720171167260988e-01
-1.981134358030824660e-01
-1.463934189840737365e-01
-1.374273247613530813e-01
-9.039182140038598545e-02
-1.051327625143834571e-01
-7.597338341799955708e-02
2.752709581992127119e-03
-8.800357783636743314e-02
-5.848702200890514014e-02
-9.372635547393240452e-02
-9.281428162158671114e-02
-1.006115856855525348e-01
-3.574825179004113840e-02
-4.433536919592828002e-02
-2.511741497359783193e-03
5.861929138121960148e-02
5.289305047597216841e-02
5.812731448650077654e-02
1.151652247386538430e-01
2.443679984153075690e-02
-3.187906511474858373e-02
-5.272424945122675122e-02
-1.253865143571624569e-02
-3.018919428242633832e-02
-7.208139171933872213e-02
-1.210773974150149979e-01
-1.439191892730790068e-01
-1.531144555835093346e-01
-2.011907080163342632e-01
-2.294497081279565642e-01
-2.148076491879473693e-01
-2.472614534630923344e-01
-2.511178401203100208e-01
-2.236549113270590028e-01
-2.518848153543692958e-01
-2.421619759110344716e-01
-2.179661059375272991e-01
-2.483452167493023499e-01
-1.624650560746573325e-01
-2.040629426788116152e-01
-1.542667083900506608e-01
-1.970766086365261516e-01
-2.122982418743812327e-01
-2.269108700247787769e-01
-2.569407018501508322e-01
-2.848692092183296998e-01
-2.215506506359651850e-01
-1.843216830658736538e-01
-1.929765474600719510e-01
-1.584978591127276237e-01
-1.010327420416145539e-01
-1.116226589690771376e-01
-9.284979377317567617e-02
-8.515808853033676740e-02
-5.564302527735445758e-02
-3.738111564213678073e-03
8.989713776908005161e-02
5.666512060847062049e-03
2.084510705316959187e-02
-4.989259172191569391e-03
-3.568932202384356850e-02
-2.072576523729871556e-03
-4.700619731173093924e-02
-8.022869653043596117e-02
-2.455410946040070819e-04
-6.028534868227339999e-02
-1.043708369936560687e-01
-3.080811248293176263e-02
-4.575049680471829361e-02
-7.794755913219326982e-03
5.298744119672878922e-02
-1.303849258863293975e-02
-7.850638748031982250e-02
-6.274086411716206513e-02
-4.051842857438182205e-02
-2.220262782137247259e-02
-4.183573751418420694e-02
-2.245158679060005671e-02
-8.580018487931778681e-02
-1.753341226239472084e-01
-1.476874290029419889e-01
-1.510253711535482490e-01
-5.315508245938292686e-02
-6.235072033477331854e-02
-9.924572672749777669e-02
-6.316811581202536052e-02
-4.041545625322373603e-02
6.603956320072691677e-03
-1.175622001907644480e-03
-9.281789359014229468e-02
-6.698525727454236744e-02
-1.736259275437330996e-02
-5.942653423251635647e-02
-4.977221810508297706e-02
-8.208303771613179034e-02
-6.680463794897034679e-02
-4.019225370634720018e-02
-4.541104131829882401e-02
-9.494840225973133485e-02
4.767738396870699336e-02
2.307114128923419549e-02
2.204081086977798670e-02
5.007053487056323249e-02
6.490636090648826961e-02
4.087846242718864986e-02
3.865020775065215047e-02
3.316808341546922251e-02
-1.820165100789359475e-02
6.769732352806848152e-02
1.599592377770546192e-01
1.710509146894912680e-01
1.057647559749550908e-01
1.304764910392115507e-01
1.857927217994689573e-01
1.907421137828915203e-01
2.013670364611112873e-01
1.940565517558101860e-01
2.314238654338261481e-01
2.725903043729300257e-01
2.701331203788123747e-01
2.217407113358375037e-01
1.960233798054905330e-01
1.541654192225972442e-01
1.846204151485060507e-01
2.228654418216411415e-01
2.516025873492483411e-01
2.536707059173516909e-01
2.794602363903946340e-01
3.033657910671224700e-01
2.931116858685191007e-01
2.694441457315622790e-01
2.215114815496418976e-01
2.126416534066681574e-01
2.312011926058222255e-01
1.689246162688003983e-01
8.864853444035225571e-02
6.423877638517475064e-02
6.827737979189604789e-02
5.070049513324091650e-02
-3.772482731951784518e-03
2.324390096182021512e-03
1.359521894147366038e-02
1.149420389071935389e-02
-3.227184124296542805e-02
-6.092049082291285667e-02
-4.369888256519022240e-02
-3.449704026492952935e-02
-9.068066700516499989e-02
-5.480700033255284792e-02
8.607530223600702579e-03
1.155191693771628891e-01
1.141355378314828500e-01
-2.470255105373887761e-02
-3.788446517270199765e-03
1.338705546217879364e-02
-1.177843459599976078e-02
-4.493484450886415377e-02
-4.603903596535123544e-02
-1.331055038056472295e-01
-1.178102464106515895e-01
-1.508496319994906687e-01
-1.782164711858371942e-01
-1.508868598513862513e-01
-1.654857339894949819e-01
-2.439085852231221430e-01
-2.067274088572993995e-01
-2.426432440050883543e-01
-1.913402368453720748e-01
-1.732248204755711674e-01
-1.537666704736580237e-01
-1.530135824909878428e-01
-1.973255310868188561e-01
-3.592083730304986844e-01
-4.160351038365722731e-01
-3.737798099313741074e-01
-4.113630048109482296e-01
-4.059303801623301844e-01
-3.308114027860534767e-01
-2.590052248421220171e-01
-3.515864901776039608e-01
-3.690663086564547335e-01
-4.521350216634141828e-01
-4.391606006751203051e-01
-4.675038291456961037e-01
-4.368046461537000713e-01
-5.390283845943428798e-01
-5.765827089217560042e-01
-6.705467053047170500e-01
-6.437697292380665237e-01
-6.658419761600884446e-01
-6.118852752518710858e-01
-6.124805377640031301e-01
-5.864080461424466817e-01
-6.046596732562501408e-01
-6.421506506194943897e-01
-6.278531041078940778e-01
-6.104166962525552353e-01
-5.221329278460354884e-01
-4.240337802495392494e-01
-4.248825214800932559e-01
-5.154395075990559905e-01
-5.475386048895124480e-01
-5.104131873553403587e-01
-5.078227552857363936e-01
-4.363724154623166429e-01
-4.130335783490721169e-01
-4.901549193024014595e-01
-3.960728568027496177e-01
-4.050217843007992702e-01
-3.902712793683040249e-01
-3.503212224004393360e-01
-3.544782760535085675e-01
-3.789406234457989298e-01
-4.756080129968447978e-01
-4.327320450763454396e-01
-3.986643393636803423e-01
-3.638082352592025837e-01
-3.525238979292512620e-01
-3.746177824181409211e-01
-4.665319642543770406e-01
-4.492293253763622318e-01
-4.159996603058642162e-01
-3.070194725014563364e-01
-3.330709640985802245e-01
-3.360964362810440198e-01
-4.050706469869145843e-01
-4.056669805790207306e-01
-4.535410886523608132e-01
-4.710499921418678237e-01
-5.521465231494928627e-01
-5.800303615289624792e-01
-5.608700492593687859e-01
-5.874097324775291451e-01
-5.511766466066299053e-01
-4.537995739467489686e-01
-3.786062848060718911e-01
-2.726344720597752014e-01
-3.140548346672697999e-01
-3.576518611014851134e-01
-4.180758287135779017e-01
-4.514193841769352233e-01
-3.821838003186155963e-01
-3.636108841734218555e-01
-3.178325997787194157e-01
-3.032566224661228382e-01
-3.081170397899478663e-01
-3.744589314210194919e-01
-2.874970107015500376e-01
-3.166899351324985457e-01
-2.995445760524043655e-01
-2.760845777235120813e-01
-2.607054187501453568e-01
-3.047803911319063030e-01
-3.831448000466280424e-01
-4.308836875745716277e-01
-4.174825278897558167e-01
-4.708897767071285045e-01
-5.219561615819118261e-01
-5.229540888655646036e-01
-4.728443332431520596e-01
-4.174778896462156830e-01
-3.941061348237881456e-01
-3.646680100178782413e-01
-3.599027036920118827e-01
-3.847905347251715513e-01
-3.006016340223752192e-01
-2.564330498512231715e-01
-2.664881426134151909e-01
-2.107170955100202692e-01
-1.213853317232976847e-01
-1.501007160694705911e-01
-7.232914415181344869e-02
-1.353630387571893301e-01
-1.405989293777904769e-01
-2.200562569516814615e-02
2.957678972646633070e-02
7.101358402859875296e-02
3.130525579606881909e-02
-4.990404181926588745e-03
2.110258687687922852e-02
2.413098766914619636e-02
-8.233796871658663474e-02
-5.061946140492838697e-02
-3.443693233214759758e-02
-3.934790376390372851e-02
-4.501495764453176257e-02
